3,2
3,1
3,3
10,308
10,272
10,148
10,182
10,26
10,284
10,72
10,1
10,126
10,2
10,3
11,24
11,10
11,4
11,12
11,28
11,26
11,1
11,22
11,2
11,3
9,7
9,4
9,1
9,6
9,2
9,3
8,9
8,5
8,11
8,8
8,7
8,1
8,16
8,2
8,3
12,2
12,1
12,3
20,2
20,1
20,3
19,2
19,1
19,3
18,1
18,3
14,1
14,4
14,3
13,1
13,3
2,2
2,1
2,3
156,5
156,4
156,3
156,2
156,1
156,0
153,4
153,3
153,2
153,1
153,0
152,3
152,2
152,1
152,0
151,5
151,4
151,3
151,2
151,1
151,0
150,4
150,3
150,2
150,1
150,0
149,4
149,3
149,2
149,1
149,0
148,4
148,3
148,2
148,1
148,0
147,3
147,2
147,1
147,0
0,0
157,34
157,33
157,32
157,31
157,30
157,29
157,28
157,27
